 0.0000000, 0.0000000
 0.0000000, 0.0000000
 0.0000000, 0.0000000
 0.0000000, 0.0000000
 0.0000000, 0.0000000
 0.0000000, 0.0000000
 0.0000000, 0.0000000
 0.0000000, 0.0000000
1000.0098258, 0.0000000
1000.0000003, 0.0000000
999.9901750, 0.0000000
999.9999995, 0.0000000
1000.0098244, 0.0000000
 0.0000000, 0.0000000
 0.0000000, 0.0000000
 0.0000000, 0.0000000
 0.0000000, 0.0000000
 0.0000000, 0.0000000
 0.0000000, 0.0000000
 0.0000000, 0.0000000
 0.0000000, 0.0000000
 0.0000000, 0.0000000
 0.0000000, 0.0000000
 0.0000000, 0.0000000
 0.0000000, 0.0000000
 0.0000000, 0.0000000
 0.0000000, 0.0000000
 0.0000000, 0.0000000
 0.0000000, 0.0000000
1000.0167516, 0.0000002
1000.0000001, 0.0104288
999.9832498, 0.0000002
999.9999992,-0.0104284
1000.0167500, 0.0000000
 0.0000000, 0.0000000
 0.0000000, 0.0000000
 0.0000000, 0.0000000
 0.0000000, 0.0000000
 0.0000000, 0.0000000
 0.0000000, 0.0000000
 0.0000000, 0.0000000
 0.0000000, 0.0000000
 0.0000000, 0.0000000
 0.0000000, 0.0000000
 0.0000000, 0.0000000
 0.0000000, 0.0000000
 0.0000000, 0.0000000
 0.0000000, 0.0000000
 0.0000000, 0.0000000
 0.0000000, 0.0000000
1000.0526706, 0.0000008
999.9999962, 0.0440140
999.9473384, 0.0000004
999.9999954,-0.0440131
1000.0526682,-0.0000001
 0.0000000, 0.0000000
 0.0000000, 0.0000000
 0.0000000, 0.0000000
 0.0000000, 0.0000000
 0.0000000, 0.0000000
 0.0000000, 0.0000000
 0.0000000, 0.0000000
 0.0000000, 0.0000000
 0.0000000, 0.0000000
 0.0000000, 0.0000000
 0.0000000, 0.0000000
 0.0000000, 0.0000000
 0.0000000, 0.0000000
 0.0000000, 0.0000000
 0.0000000, 0.0000000
 0.0000000, 0.0000000
1000.2001496, 0.0000034
999.9999321, 0.1810393
999.7999855, 0.0000001
999.9999325,-0.1810375
1000.2001456,-0.0000005
 0.0000000, 0.0000000
 0.0000000, 0.0000000
 0.0000000, 0.0000000
 0.0000000, 0.0000000
 0.0000000, 0.0000000
 0.0000000, 0.0000000
 0.0000000, 0.0000000
 0.0000000, 0.0000000
 0.0000000, 0.0000000
 0.0000000, 0.0000000
 0.0000000, 0.0000000
 0.0000000, 0.0000000
 0.0000000, 0.0000000
 0.0000000, 0.0000000
 0.0000000, 0.0000000
 0.0000000, 0.0000000
1000.8169929, 0.0000144
999.9987876, 0.7640134
999.1854188,-0.0000030
999.9987956,-0.7640104
1000.8169854,-0.0000022
 0.0000000, 0.0000000
 0.0000000, 0.0000000
 0.0000000, 0.0000000
 0.0000000, 0.0000000
 0.0000000, 0.0000000
 0.0000000, 0.0000000
 0.0000000, 0.0000000
 0.0000000, 0.0000000
 0.0000000, 0.0000000
 0.0000000, 0.0000000
 0.0000000, 0.0000000
 0.0000000, 0.0000000
 0.0000000, 0.0000000
 0.0000000, 0.0000000
 0.0000000, 0.0000000
 0.0000000, 0.0000000
1003.4714465, 0.0000625
999.9774365, 3.2926901
996.5736212,-0.0000196
999.9774826,-3.2926875
1003.4714319,-0.0000094
 0.0000000, 0.0000000
 0.0000000, 0.0000000
 0.0000000, 0.0000000
 0.0000000, 0.0000000
 0.0000000, 0.0000000
 0.0000000, 0.0000000
 0.0000000, 0.0000000
 0.0000000, 0.0000000
 0.0000000, 0.0000000
 0.0000000, 0.0000000
 0.0000000, 0.0000000
 0.0000000, 0.0000000
 0.0000000, 0.0000000
 0.0000000, 0.0000000
 0.0000000, 0.0000000
 0.0000000, 0.0000000
1015.3555061, 0.0002874
999.5703576,14.3899432
985.5076694,-0.0000956
999.5705799,-14.3899628
1015.3554768,-0.0000431
 0.0000000, 0.0000000
 0.0000000, 0.0000000
 0.0000000, 0.0000000
 0.0000000, 0.0000000
 0.0000000, 0.0000000
 0.0000000, 0.0000000
 0.0000000, 0.0000000
 0.0000000, 0.0000000
 0.0000000, 0.0000000
 0.0000000, 0.0000000
 0.0000000, 0.0000000
 0.0000000, 0.0000000
 0.0000000, 0.0000000
 0.0000000, 0.0000000
 0.0000000, 0.0000000
 0.0000000, 0.0000000
1075.4448686, 0.0016235
991.8986575,62.2455357
941.8095053,-0.0003750
991.8996219,-62.2458383
1075.4448051,-0.0002433
 0.0000000, 0.0000000
 0.0000000, 0.0000000
 0.0000000, 0.0000000
 0.0000000, 0.0000000
 0.0000000, 0.0000000
 0.0000000, 0.0000000
 0.0000000, 0.0000000
 0.0000000, 0.0000000
 0.0001731,305.9258322
 0.0009784,309.2128883
 0.0020139,318.4387888
 0.0033850,335.0456048
 0.0054576,362.1213657
 0.0091078,406.3103865
 0.0171333,484.1802426
 0.0449091,654.3075037
852.0331000,772.6083251
883.1418747,204.7120771
810.9047021,-0.0009166
883.1436563,-204.7144845
851.9452307,-772.6199952
 0.0449085,-654.3040556
 0.0171331,-484.1788867
 0.0091077,-406.3096000
 0.0054576,-362.1208316
 0.0033850,-335.0452117
 0.0020138,-318.4384876
 0.0009784,-309.2126556
 0.0001731,-305.9256574
 1.0099570,272.8597152
 5.7037679,275.6108684
11.7065459,283.2845085
19.5647808,296.9060680
31.1994749,318.5237975
50.8792461,351.9390060
90.1658113,403.7229960
187.1558538,477.6706293
427.3748092,475.8161789
584.4226694,222.5872817
601.0266232,-0.0010203
584.4221448,-222.5897049
427.3718218,-475.8181278
187.1542511,-477.6697408
90.1652158,-403.7221610
50.8789721,-351.9384118
31.1993233,-318.5233616
19.5646843,-296.9057349
11.7064764,-283.2842477
 5.7037115,-275.6106635
 1.0099570,-272.8595587
 1.7907402,238.7850696
10.0852195,240.7397302
20.5320367,246.0854452
33.7784725,255.1702150
52.3357883,268.4402630
80.7972403,285.8817340
127.8003301,304.6245967
206.2854660,310.3614173
313.5662634,263.9786663
396.0917237,145.3435311
421.6073177,-0.0007037
396.0911650,-145.3448700
313.5651507,-263.9795160
206.2844546,-310.3614655
127.7997014,-304.6243073
80.7968683,-285.8814026
52.3355550,-268.4399665
33.7783133,-255.1699637
20.5319172,-246.0852356
10.0851203,-240.7395575
 1.7907401,-238.7849309
 2.3004533,207.1864579
12.9055892,208.3079655
25.9829206,211.2563844
41.8673381,215.8394581
62.6205822,221.4315877
91.1677827,226.2424009
131.0484330,225.7038202
183.7782464,210.1898368
241.8480540,166.7425830
286.4555162,92.1594912
302.5521162,-0.0004352
286.4551843,-92.1602837
241.8474816,-166.7431230
183.7776441,-210.1900343
131.0479492,-225.7037786
91.1674332,-226.2422537
62.6203322,-221.4314107
41.8671523,-215.8392834
25.9827736,-211.2562239
12.9054631,-208.3078231
 2.3004532,-207.1863347
 2.5520018,178.1921236
14.2557864,178.5926839
28.3597009,179.5227814
44.7315400,180.5331577
64.6926091,180.6409448
89.6224794,177.9090513
120.3425800,168.9088344
155.6028152,148.6959469
190.2390231,112.7726555
215.8538762,61.1414656
225.2505065,-0.0002728
215.8536844,-61.1419659
190.2386935,-112.7730251
155.6024384,-148.6961420
120.3422318,-168.9088805
89.6221905,-177.9090031
64.6923783,-180.6408485
44.7313540,-180.5330421
28.3595453,-179.5226616
14.2556483,-178.5925674
 2.5520017,-178.1920136
 2.5949729,152.0401431
14.4366777,151.9050464
28.3986296,151.3839900
43.9388694,149.9955841
61.7648791,146.8280174
82.3431245,140.3913829
105.4706610,128.5717491
129.6427968,108.9971422
151.6648577,80.1211355
167.2973311,42.6427305
172.9638580,-0.0001771
167.2972154,-42.6430598
151.6646540,-80.1213943
129.6425494,-108.9973037
105.4704109,-128.5718175
82.3428961,-140.3913801
61.7646802,-146.8279684
43.9386975,-149.9955083
28.3984782,-151.3839004
14.4365390,-151.9049503
 2.5949728,-152.0400442
 2.4918419,128.8737566
13.8132608,128.3937057
26.9100656,126.9725339
40.9717648,124.2093319
56.3063762,119.4134560
72.9434697,111.5945858
90.4057009,99.5581626
107.4827458,82.2139861
122.2163961,59.1190905
132.3138024,31.0230520
135.9167462,-0.0001185
132.3137287,-31.0232750
122.2162629,-59.1192733
107.4825764,-82.2141113
90.4055186,-99.5582282
72.9432912,-111.5946001
56.3062100,-119.4134315
40.9716128,-124.2092806
26.9099257,-126.9724648
13.8131290,-128.3936248
 2.4918418,-128.8736670
 2.3005103,108.6798777
12.7147669,108.0129871
24.5744355,106.1284993
36.9391281,102.7360225
49.8888012,97.3697710
63.2773369,89.4266700
76.6249606,78.2726603
89.0531451,63.4443675
99.3477724,44.9183569
106.2075266,23.3316668
108.6213633,-0.0000808
106.2074771,-23.3318202
99.3476810,-44.9184862
89.0530247,-63.4444611
76.6248248,-78.2727145
63.2771969,-89.4266874
49.8886641,-97.3697575
36.9389970,-102.7359849
24.5743105,-106.1284434
12.7146464,-108.0129171
 2.3005102,-108.6797959
 2.0661498,91.3068868
11.3924339,90.5672281
21.8813477,88.5229858
32.5659508,84.9834910
43.4081378,79.6604735
54.2098329,72.2129481
64.5668850,62.3299586
73.8615696,49.8523395
81.3268521,34.9074653
86.1938885,18.0003436
87.8874670,-0.0000556
86.1938537,-18.0004497
81.3267868,-34.9075563
73.8614811,-49.8524073
64.5667817,-62.3299996
54.2097223,-72.2129624
43.4080251,-79.6604636
32.5658392,-84.9834605
21.8812382,-88.5229381
11.3923264,-90.5671659
 2.0661497,-91.3068116
 1.8199341,76.5112124
10.0163818,75.7725295
19.1457880,73.7582784
28.2801109,70.3536790
37.3268520,65.3947865
46.0885033,58.7058273
54.2450970,50.1561059
61.3641421,39.7313047
66.9498880,27.6016864
70.5311269,14.1594665
71.7665128,-0.0000382
70.5311014,-14.1595395
66.9498396,-27.6017493
61.3640753,-39.7313520
54.2450169,-50.1561344
46.0884149,-58.7058361
37.3267593,-65.3947764
28.2800165,-70.3536517
19.1456936,-73.7582356
10.0162876,-75.7724730
 1.8199340,-76.5111429
 1.5812022,64.0040488
 8.6902576,63.3090826
16.5502614,61.4309299
24.3077754,58.3071655
31.8505605,53.8547126
39.0009204,47.9969749
45.5107642,40.7006853
51.0744892,32.0170665
55.3634086,22.1166041
58.0784569,11.3036463
59.0088480,-0.0000257
58.0784377,-11.3036954
55.3633718,-22.1166464
51.0744375,-32.0170977
45.5107011,-40.7007030
39.0008491,-47.9969778
31.8504841,-53.8547005
24.3076960,-58.3071392
16.5501806,-61.4308902
 8.6901761,-63.3090303
 1.5812021,-64.0039845
 1.3605959,53.4869011
 7.4698973,52.8569942
14.1870706,51.1652092
20.7487756,48.3828214
27.0409371,44.4764501
32.9104892,39.4263932
38.1654969,33.2496368
42.5864348,26.0233782
45.9493515,17.9027226
48.0578673, 9.1255726
48.7767936,-0.0000166
48.0578524,-9.1256042
45.9493228,-17.9027494
42.5863941,-26.0233971
38.1654463,-33.2496455
32.9104313,-39.4263906
27.0408738,-44.4764357
20.7487089,-48.3827951
14.1870018,-51.1651715
 7.4698275,-52.8569453
 1.3605958,-53.4868413
 1.1629428,44.6743600
 6.3796987,44.1172390
12.0917201,42.6275192
17.6287778,40.1969087
22.8835981,36.8209192
27.7268475,32.5106843
32.0090342,27.3069457
35.5692585,21.2933261
38.2505715,14.6051722
39.9196605, 7.4303617
40.4866153,-0.0000100
39.9196488,-7.4303805
38.2505488,-14.6051874
35.5692259,-21.2933354
32.0089933,-27.3069473
27.7268000,-32.5106770
22.8835456,-36.8209024
17.6287218,-40.1968822
12.0916618,-42.6274830
 6.3796391,-44.1171930
 1.1629427,-44.6743044
 0.9894739,37.3064613
 5.4248883,36.8218199
10.2664068,35.5300017
14.9328649,33.4343204
19.3274382,30.5459498
23.3417175,26.8912696
26.8580241,22.5201540
29.7558787,17.5133062
31.9221652,11.9864626
33.2634210, 6.0895673
33.7177350,-0.0000050
33.2634117,-6.0895764
31.9221468,-11.9864690
29.7558522,-17.5133081
26.8579907,-22.5201500
23.3416783,-26.8912586
19.3273945,-30.5459311
14.9328179,-33.4342937
10.2663575,-35.5299667
 5.4248377,-36.8217765
 0.9894738,-37.3064096
 0.8393666,31.1538180
 4.5999082,30.7370256
 8.6953862,29.6285995
12.6261024,27.8378657
16.3067146,25.3835643
19.6465826,22.2982669
22.5519765,18.6331426
24.9307766,14.4618641
26.6992440, 9.8823752
27.7898199, 5.0155013
28.1584488,-0.0000013
27.7898123,-5.0155033
26.6992291,-9.8823751
24.9307550,-14.4618605
22.5519490,-18.6331343
19.6465502,-22.2982530
16.3066781,-25.3835442
12.6260629,-27.8378389
 8.6953446,-29.6285657
 4.5998653,-30.7369847
 0.8393665,-31.1537700
 0.7107463,26.0182792
 3.8937913,25.6627029
 7.3544914,24.7186479
10.6656024,23.1980530
13.7529806,21.1224563
16.5408327,18.5255530
18.9536509,15.4558239
20.9196280,11.9784746
22.3752224, 8.1759355
23.2702005, 4.1463673
23.5722449, 0.0000014
23.2701942,-4.1463640
22.3752102,-8.1759306
20.9196102,-11.9784669
18.9536282,-15.4558124
16.5408056,-18.5255371
13.7529501,-21.1224352
10.6655692,-23.1980264
 7.3544563,-24.7186155
 3.8937550,-25.6626644
 0.7107463,-26.0182346
 0.6013016,21.7311080
 3.2934247,21.4294910
 6.2167443,20.6296685
 9.0072709,19.3442155
11.6011638,17.5947843
13.9349552,15.4135121
15.9471903,12.8443734
17.5809315, 9.9440074
18.7868912, 6.7815778
19.5267590, 3.4373622
19.7761689, 0.0000033
19.5267539,-3.4373551
18.7868811,-6.7815695
17.5809167,-9.9439968
15.9471713,-12.8443597
13.9349326,-15.4134948
11.6011382,-17.5947628
 9.0072430,-19.3441894
 6.2167146,-20.6296375
 3.2933940,-21.4294549
 0.6013016,-21.7310667
 0.5086412,18.1499830
 2.7854243,17.8952134
 5.2554762,17.2202181
 7.6093358,16.1371229
 9.7923323,14.6662821
11.7512111,12.8369913
13.4355057,10.6880948
14.7994019, 8.2681989
15.8039338, 5.6352314
16.4192301, 2.8551823
16.6264712, 0.0000047
16.4192258,-2.8551726
15.8039254,-5.6352206
14.7993896,-8.2681863
13.4354898,-10.6880798
11.7511922,-12.8369732
 9.7923108,-14.6662605
 7.6093123,-16.1370975
 5.2554512,-17.2201886
 2.7853983,-17.8951797
 0.5086411,-18.1499449
 0.4304869,15.1556081
 2.3571344,14.9411112
 4.4459260,14.3731837
 6.4339853,13.4629580
 8.2746378,12.2288326
 9.9230928,10.6967772
11.3375852, 8.9005162
12.4807913, 6.8814187
13.3214028, 4.6879406
13.8356834, 2.3745316
14.0087929, 0.0000056
13.8356798,-2.3745201
13.3213958,-4.6879283
12.4807810,-6.8814049
11.3375720,-8.9005004
 9.9230769,-10.6967589
 8.2746197,-12.2288114
 6.4339654,-13.4629336
 4.4459049,-14.3731559
 2.3571125,-14.9410798
 0.4304868,-15.1555731
 0.3647676,12.6483691
 1.9971007,12.4682758
 3.7659370,11.9916658
 5.4479342,11.2284519
 7.0032976,10.1948531
 8.3942540, 8.9134669
 9.5860054, 7.4132245
10.5478232, 5.7291229
11.2542071, 3.9016478
11.6859911, 1.9758386
11.8312652, 0.0000061
11.6859881,-1.9758261
11.2542012,-3.9016346
10.5478146,-5.7291085
 9.5859942,-7.4132084
 8.3942406,-8.9134487
 7.0032823,-10.1948326
 5.4479174,-11.2284287
 3.7659190,-11.9916397
 1.9970821,-12.4682468
 0.3647675,-12.6483370
 0.3096536,10.5452571
 1.6952355,10.3944457
 3.1961436, 9.9954677
 4.6224107, 9.3569711
 5.9401040, 8.4930088
 7.1172720, 7.4229869
 8.1247429, 6.1715052
 8.9369879, 4.7680273
 9.5329947, 3.2463321
 9.8970762, 1.6437230
10.0195305, 0.0000064
 9.8970736,-1.6437100
 9.5329897,-3.2463185
 8.9369806,-4.7680127
 8.1247334,-6.1714893
 7.1172606,-7.4229693
 5.9400911,-8.4929892
 4.6223964,-9.3569493
 3.1961284,-9.9954435
 1.6952197,-10.3944190
 0.3096535,-10.5452278
 0.2635596, 8.7771485
 1.4428157, 8.6512177
 2.7198866, 8.3181472
 3.9328523, 7.7853701
 5.0527384, 7.0649084
 6.0524217, 6.1732603
 6.9073033, 5.1311927
 7.5960010, 3.9634022
 8.1010240, 2.6980181
 8.4093815, 1.3659379
 8.5130681, 0.0000064
 8.4093793,-1.3659249
 8.1010198,-2.6980046
 7.5959948,-3.9633879
 6.9072953,-5.1311773
 6.0524120,-6.1732434
 5.0527274,-7.0648899
 3.9328402,-7.7853498
 2.7198736,-8.3181249
 1.4428022,-8.6511933
 0.2635595,-8.7771220
 0.2251301, 7.2864588
 1.2323938, 7.1816683
 2.3229947, 6.9045631
 3.3584782, 6.4614576
 4.3140369, 5.8625301
 5.1665483, 5.1216879
 5.8951445, 4.2563481
 6.4817772, 3.2871176
 6.9117516, 2.2373563
 7.1741953, 1.1326219
 7.2624273, 0.0000063
 7.1741935,-1.1326093
 6.9117480,-2.2373433
 6.4817719,-3.2871039
 5.8951376,-4.2563335
 5.1665400,-5.1216721
 4.3140275,-5.8625130
 3.3584678,-6.4614389
 2.3229836,-6.9045428
 1.2323823,-7.1816463
 0.2251300,-7.2864349
 0.1932177, 6.0251500
 1.0576723, 5.9383490
 1.9935157, 5.7088461
 2.8818292, 5.3419498
 3.7012857, 4.8461974
 4.4320694, 4.2332161
 5.0563612, 3.5175157
 5.5588066, 2.7161990
 5.9269476, 1.8485871
 6.1515934, 0.9357572
 6.2271079, 0.0000059
 6.1515918,-0.9357452
 5.9269445,-1.8485748
 5.5588021,-2.7161862
 5.0563553,-3.5175021
 4.4320624,-4.2332015
 3.7012776,-4.8461817
 2.8818203,-5.3419329
 1.9935062,-5.7088277
 1.0576624,-5.9383292
 0.1932176,-6.0251287
 0.1668590, 4.9530553
 0.9133674, 4.8816090
 1.7214403, 4.6927229
 2.4883250, 4.3908138
 3.1955814, 3.9829722
 3.8261152, 3.4788335
 4.3645954, 2.8903902
 4.7978477, 2.2317398
 5.1152103, 1.5187680
 5.3088346, 0.7687680
 5.3739149, 0.0000055
 5.3088332,-0.7687569
 5.1152076,-1.5187566
 4.7978438,-2.2317279
 4.3645903,-2.8903777
 3.8261091,-3.4788203
 3.1955744,-3.9829580
 2.4883173,-4.3907986
 1.7214320,-4.6927066
 0.9133588,-4.8815915
 0.1668589,-4.9530366
 0.1452513, 4.0364775
 0.7950774, 3.9781987
 1.4984416, 3.8241354
 2.1658611, 3.5779185
 2.7812695, 3.2453696
 3.3297978, 2.8343869
 3.7981368, 2.3547820
 4.1748723, 1.8180662
 4.4507846, 1.2371870
 4.6190972, 0.6262174
 4.6756659, 0.0000050
 4.6190960,-0.6262073
 4.4507822,-1.2371768
 4.1748689,-1.8180556
 3.7981324,-2.3547709
 3.3297925,-2.8343752
 2.7812634,-3.2453571
 2.1658544,-3.5779051
 1.4984344,-3.8241211
 0.7950700,-3.9781834
 0.1452512,-4.0364612
 0.1277302, 3.2470199
 0.6991635, 3.2001078
 1.3176422, 3.0760996
 1.9044546, 2.8779343
 2.4454630, 2.6103204
 2.9275996, 2.2796383
 3.3391838, 1.8938029
 3.6702129, 1.4620873
 3.9126182, 0.9949077
 4.0604764, 0.5035729
 4.1101680, 0.0000044
 4.0604753,-0.5035640
 3.9126161,-0.9948987
 3.6702099,-1.4620780
 3.3391799,-1.8937931
 2.9275950,-2.2796281
 2.4454576,-2.6103096
 1.9044487,-2.8779228
 1.3176359,-3.0760873
 0.6991569,-3.2000948
 0.1277301,-3.2470061
 0.1137517, 2.5606114
 0.6226441, 2.5235984
 1.1734112, 2.4257612
 1.6959405, 2.2694283
 2.1776359, 2.0583271
 2.6068643, 1.7975045
 2.9732384, 1.4932151
 3.2678722, 1.1527792
 3.4836052, 0.7844115
 3.6151851, 0.3970234
 3.6594042, 0.0000037
 3.6151841,-0.3970159
 3.4836034,-0.7844039
 3.2678696,-1.1527714
 2.9732350,-1.4932069
 2.6068602,-1.7974959
 2.1776311,-2.0583180
 1.6959353,-2.2694187
 1.1734055,-2.4257510
 0.6226382,-2.5235875
 0.1137517,-2.5606000
 0.1028750, 1.9566909
 0.5631050, 1.9283976
 1.0611915, 1.8536115
 1.5337167, 1.7341175
 1.9692849, 1.5727719
 2.3573787, 1.3734396
 2.6886134, 1.1409069
 2.9549670, 0.8807719
 3.1499796, 0.5993120
 3.2689158, 0.3033332
 3.3088848, 0.0000030
 3.2689149,-0.3033270
 3.1499780,-0.5993058
 2.9549646,-0.8807655
 2.6886103,-1.1409003
 2.3573750,-1.3734326
 1.9692806,-1.5727646
 1.5337119,-1.7341098
 1.0611864,-1.8536033
 0.5630997,-1.9283890
 0.1028749,-1.9566818
 0.0947490, 1.4175235
 0.5186241, 1.3970214
 0.9773564, 1.3428307
 1.4125314, 1.2562471
 1.8136513, 1.1393440
 2.1710313, 0.9949253
 2.4760340, 0.8264622
 2.7212801, 0.6380121
 2.9008302, 0.4341229
 3.0103322, 0.2197232
 3.0471302, 0.0000023
 3.0103314,-0.2197185
 2.9008287,-0.4341181
 2.7212779,-0.6380072
 2.4760311,-0.8264571
 2.1710278,-0.9949200
 1.8136473,-1.1393384
 1.4125271,-1.2562413
 0.9773517,-1.3428245
 0.5186192,-1.3970149
 0.0947489,-1.4175166
 0.0891014, 0.9276216
 0.4877095, 0.9142030
 0.9190918, 0.8787357
 1.3283116, 0.8220687
 1.7054955, 0.7455607
 2.0415373, 0.6510484
 2.3283181, 0.5408047
 2.5589040, 0.4174856
 2.7277158, 0.2840675
 2.8306665, 0.1437747
 2.8652626, 0.0000016
 2.8306658,-0.1437715
 2.7277144,-0.2840642
 2.5589019,-0.4174823
 2.3283154,-0.5408012
 2.0415341,-0.6510447
 1.7054918,-0.7455569
 1.3283075,-0.8220647
 0.9190873,-0.8787314
 0.4877049,-0.9141986
 0.0891013,-0.9276169
 0.0857290, 0.4732526
 0.4692499, 0.4664061
 0.8843014, 0.4483099
 1.2780242, 0.4193976
 1.6409178, 0.3803628
 1.9642212, 0.3321431
 2.2401249, 0.2758985
 2.4619605, 0.2129843
 2.6243633, 0.1449190
 2.7234042, 0.0733475
 2.7566862, 0.0000009
 2.7234036,-0.0733457
 2.6243620,-0.1449173
 2.4619585,-0.2129825
 2.2401223,-0.2758966
 1.9642180,-0.3321411
 1.6409142,-0.3803607
 1.2780202,-0.4193955
 0.8842971,-0.4483077
 0.4692455,-0.4664038
 0.0857289,-0.4732501
